start_pos: [1.0, 0.8, 0.0]
goal_pos:  [10.2,0.5, 0.8]
start_orientation: [1.0, 0.0, 0.0, 0.0]
#goal_orientation: [0.707, 0.0, 0.707, 0.0]
goal_orientation: [0.96593, 0.25882, 0.0, 0.0]
#goal_orientation: [0.9212, 0.16994, 0.30586, 0.16994]
